22037782585251056717431015809472749527990176132896400178283403732141398676056610247237169929143362020845202006957236377862602906739
47435027880050034574863335469381862031853132647355606499385473939803490513169632251720297552228587487286826216483985466883026538161
54949197165300411943478515298901103084464921620837623656699791367678654431843606278528071344240811792368561287524746265428445480919
67268677581318256595099380713689757393989034265266342153637877063659167399682316313287529816635192161415549453006906008808802306361
69259152896129452422497221043528458854684094926688001862552735824312675379958441798246964974818469918688487997195790870469664891657
83932925613873055055603027764091268869184077396288537699552340872161719348524489555954575241069812218013167642771405713693386669273
115990897573669933909650941837896046289251310477442659763428594424294989386571412682653739928333278616471028389928469218395496743577
118329864193118058602484633329671495982702372583367195424321040167299730098015120923258717698318630480598481360255064844655467514951
227095532737512628802038852702934145664384009721849662859339793027879826757155204987011204997169992132164532963765297491707811405883
275736155219820689799399124936428327647318324620903349233425063947934367984032393402580411551273566678764927855162475314449667401011
276877145065539101616032901774654817668920777164003263897816984767106919674350163050530872013489038566535901840733277141050555975939
322107071440036849298808695470706408889723625081370342078958740253916586832867586490965910601484083250393714933334696490182466615629
330443773542136270007859677302479207586424534506201298681389345594228703694267855681865240409005897288528304012256002394722626089443
358087271824953935306166470408362320159867742854532656296252960089338096681133494766126031994743996577470376596250690455702340029107
362976888840863986466192160306541754319231767029078093147695697657810194944757425270238649549073299153090986328871334854175866494409
518084251198154479703282841175565468575967092509091140592822223941582759813572773606641667318536708645052331276249014788075738936051
539366473387938745491975058643417447219438909111571973336668274396430002937836854141740065238479596610177537483167804672145980454507
619431871236413713212436137859351694385533281967316488664930106663143888641123354192384627202092967638097317193359166961940700800833
814331796563138390001811737755988930080520223751574199474079241870098112441672138789230567978458932864626753680339537437596734225477
822852396130762451946711558877554227841041993091021400219808341941589991881722056888204844357918102535538558363597550102463302295949
999675382301760263730396525831226554471283950481386051786472392828419533754695187975497962578704826411468496464376504413279897388589
1010571140692426320417534977137036871153992290158829946663443140728091242917734095712710183182837315238605904784893325495650872372767
1072544251784563856602182462658506635043617323455563386929461856242581667915418530910761035867680514861070515597735894604243884194919
1384246174946321417276503555526855145403342080073154646768809894952540020539752957310398525119194331569319748356415898639530967943597
1402272405843755569836222489800791830811147097042055737217962445732635966986908651361591477939472337284975026013653690427885099564677
1794854567168177185487486022517864699704188116566517195972050153070204391457029101272736322619172918851727023522042559097277358328839
1898925578912310580984931751262540972566633504893412686562038762040725579525228921617357133199871236190665146441963821500320900567197
1992332403279940581158959750569712787139947993392520205193116182594954022130493428102124181343864085444941061681878142567542540716733
2002254051873295187658416587460733708977872961342268561054102170938233312889037996660684707685167123965572306476269167273116515164627
2186576166476156886307610183073881513961061057735632384356464198038556541912196813348650988049651298260538290445195660220378859528513
3121373530230288368904911858598953629853361952711453203440746503766158857932117947950593510213431311792019888368562126488054484941893
3148751507517072082062753903523037648413874551221595346747020457836455949170004632062444857025916403925776567377672755677639618261687
3758164820744030180336599506953955259885067292027975158725421969843415339000313286633393088098472968546794231079311185612934562291359
3950879519916435157277449187281527880504980401119505807974744418656455619606855636860294288074546676351943004147478290807773685452799
4263137511903619648698164029147799477697990545583501825346592775377967421506314608021556036237630417131752764193779716936106736458291
4706992544727793679457578688045077568752200701420750702566772915585114028970065366361705022291888932118861031805162454041999302318367
5154298001387642532708265657171651929955531707991899748475944647408512776910463335287023996002235206981622345160459970174191588507703
5954707875633233228918462392174445355765568150206408700417551303733092532586686234189713158455941510663939997284714418792657733053993
6967933828025187724582290309219716825760564349184613204763270817018262272054221596400254783011462414227999446097587736138171237468621
7063892508899144446240526997200303040221952979842478807597629067678626778375438793625756428152511824306463753760171651600831930458909
7714279130362164829904416554917116159861447348945338644708567940496523009955566983309154106365113528793888744563592891371086232820867
8099594910288645073386238206269019099331454394432064646133789326121205794148781317864967438198746964031682352616709441895746817609971
8115765395519638369418259267379454030009902455685536373039849328671629701675196748716626397562564674608659072908135120520337378110891
10107057341948533668707031105839239693215836080507881188353504718058915201371764089066341289006942991410836092856414839765216430131679
11129577036985690305262328864776073599880800326903395750247156900089511545798300897232238469825386783833745607829248796882671806319873
12898142803573744582099744246825259893186161076529351629860341042372404189485368897970672494519824876592484219752828311478272455781793
13101164095487081738126750072873870447688902123843394784064938212203491348388757594820336779248776929062677962386369662080136808288191
13244184690700613845241537406258752890640631572243263396318106912866121255006891327361190659959907175222290268232951614921801877679257
14522879858760170202015132561248245938206044192231002304182871708969689219802147463096438047933018882541682936735820733230557935435713
15142133354822918607876421815644277253693249519661567247878557141758823513978031213297285312923459323620682077170340002080079323928579
15513376220665440008650435764544993679266738880340810641625578479918351899780944998681839661223911477518436231834649336672877957930671
17439104235250019891108869296347161452691112333682922836211565788949908478354977924333418205545630571300121732233097318751429902775563
22896431395678411873722032852447934986734525777399195610977268423692713532533623737726942917542959887079329695031913649754962498767901
23646419649290473366423124994549933125915304097550933875744140895401052354695942066727556293679043381771118206552473327498829306884953
25223914912326059919072869306080540348979344841237416221377879174121620941059681505103309022438180126259314279532805909474944067848139
25872444644253379532068553331945950716104421321665353663726162131777771509771149636319108736643688571474287839915309829812947679931547
26807665920361197228866504099070440164365339752465352745205844214373143865185824841921057501893040160407850826761853362032349833181887
27682417913601479897699526354818643779295625793224972203445902113195105932240466111261199354270230826602532339347111358771592912417321
28140331126596065736255515644618564776876187841874504634910019546824154313089439274102827200848549592978625287563875394577142030299853
28307866377337011493437902893830275928061560756570044474774636292594728034543897428505153582987040747730455714000384559968785565034329
28953309274078571951423402785269166351556923189233024742266210791258505328816007086752373930674522922831625595968232932831521185511979
29549920435503128411522072658667794921300852998506523259584320039318481829506020308699072441481769082957355632574926569358321816155033
32175594394414742188022626717924493389992029422912302514112470138924724526346045481019541172566160564755141218704670333632553207379319
41763133395550705333244664339124300823406103987880440526947505775925648479492028461291992229732426008937914783678236869467020600730003
43200301541912069232271393251291660985406861729617666428673726764749758636586393010531046389855140916820955068094879168017207330230883
53031423502395148743162211533183710158867804922214181996897146885583307745270807944062390026287531521840236022268048093409465350658349
57564233436485868804362672635515754531825253562952235032596767261471435458680382747390600958290780601863220713098200398541810597424467
63910500978393626200179923540687363014220141356395456731382715428763948059423972814651515674889416605530844805307345651050527313560909
69474339099748583000640427165287025202731729318780155028331311325516830989177420824593257301413157762506403179916480854440081203494169
72191953220627437547996536392973576816592276387875927220078216876999511138630419155871073066086618430693980177677453284135466309191781
78688875350232594686200987058672903909295324547090131330898031715019022229460517525526027455238427397991995718250731983484386450603213
104053578810082562484085728616519631206851447479634028262060480932000582184274528794196891197582424165524304503965020036900427588451939
104692594906186597367928213476581616768718010751505149723920938432765633367823662735108108632939561347964328393410746352136504260311537
116258292028065721817791663251412387503495229386275165766157200685643770947927413811299160408245341098387289274768963267605263982818181
117144260878456499847589668946090820806023655032634610021994737473275828842632182334787663299261646253434898766516511734275362043433601
132490364304375908527651316740240792326444215685034116063341082445061732882354278449636655975575867571924584087116817945784498551273139
140533388559047907183724260446203146734212282957117656333229078103424141477042008846137289603698364411602859896181284056056925136231777
155402055090844689414582532652325012192454327131473135716982578527795444417432741572900423059350260848313688015071520240636650147911127
170692261559657014444882604507132106697789466288646479726672523634257996709593911806917998025051403635704323255495081303383565603769627
195988220375785396798303272010414125282646962458277363441825287148127212429422328077796610812819024510923959765924843147532717487876523
218551601284884761519881035636377689466121872779901741755243678758875417327521707885579764273495795413879901729844367623922532836794737
253094653970017736116320847061936140401188984450135485966080986258486845215554191099299470251173686906694066664605233554907712974832403
282074591525173584084248382380231359071145728003912268446272273487234576108651353935562838381241789489573431089994682268300918381181557
282879711305351477749205467292044856329121677652957099509138710754904624267192594674556958005927419660359643726099572459027997420364633
313651690654205395659215948995913484789030817266261880441061709303379277227450161446425972206467223271673204247146291230703257285394281
333817309745271611898378753352871447034150431806413749738812700162760452539779603955909219017680575631418080370535180826106209585962507
407559100606419229467405509430758491349839328840787463630347051167171327762246474155879371120599361697974875284966692494339262937066229
473327556374998255454492199763063911053875709656280956800614322261137386416235056351511783285224080595091971616984996948605091559781871
519692536392801016664457752693435487217757185759325576265140572549958701006195365766058836192454687215598772898276360950545759025926413
611623851169202677988028291226685907691490142743103738170788551633996798690159951636756902785548785768671786424219239896708132507874663
641325369292707245039872210994497439652510938867468153182259369535840403961976810446080653600722435546253429034194893029546468971248833
660525239164676814499674943121019525336249243756731142330342346788703987859072294153435523368638981876556213710470023373108278854279189
703358975561981728374819703244081644325356237133445430301196808643148404293106123897737428675091703355705970007377437993212786298885031
1036400531842496870306207922117777493331159417464825630166909898748480569600952762059348743800023560914852666624273785875835317211949579
1152267489529872144626095483052357312085760387044902617246230340228995067071380800298782288210402136410100295714136016530260231522224767
1282871909652751266436256754126966375083687479112497041087003578779817686601243351429524320210182430352769525825403920194632440132567023
1325190799681064477326100661650710756852881821235959183812879023515100143774773973155225054911945264668506927077830027630066061385980211
1490875593167464165156610156864477819747767863361314053708338156361735748905704751890075874751398909153964053501222080719241942613171213
1535113558781117803052372859542068435317730517102768103699697387562766189706673863781380152285167754482072834477880946750506030400445561
1690632016072788921614761603199877725534099748242843218139180125298063721571042287468702217550957112344915851273262644060563828693972287
1802034515334271900188831941811025997079682192474508325646564117686303650729175590374653182221437085414808202988320600967581835500616561
1922158307652475536156426841360064080236607103643255417986898722967949286326202081653567715069707192498293732462005921577792271964698643
1984350069999726190233558608173601805140681837248239986079066933744175923824169124184316652557994239843795809826933387772864520672738863
2532536958550997695282208537624427551393228536473501935615039990615205252048502755753984392784839435581047681415163681503138094611426573
2701359656069836680043358689226660261784514653751341988364449980523887963450317027250741221675276227250523719894569531219865343076062277
2753298884487812976486334698002676931427878769956738786075346014539159383440160981237815051746572149744791771338586460470550323167591549
3065476661437922705435583403146983816968127344632319873350583315656568001892814744344207284805373434806264118053059396138751074485647461
3133055102023423288394008468612232099968151502096521806987694848917809989008438961946634880421173762409467438362869910219824985060875159
3330370192735557643688308796140428723092960430632024463312811678710265243994158066398845008890314834071346828310864262946771001052046471
3526769822049957665141594807784680527652614235305231768600348028029805807809455240167096571114133570010215303671566687959642591861881271
4429629353926644599196486305038550833440589779797880761947975158294765395098286296833650155215092462074783083151344019513710630678929509
5064529850452023275983166944518638593723003971653178106406374151780594182111081024145230890052538650614399918110452724082475948366542823
5733221998738673433606053560543500179107486664474561547973580533208871330251960850599558312626589155457925334243105855951402888624054051
6034835869678897670380096706453687836295832173595999148579896963047849291617196277974660842982822565899909670389943192894030454444813109
6165996955455898148939337881457025685384319651995845688766529408831114309925477827499766511088497907992209445247669752432970845762595629
6172051497222790411646076807913537761289697472191346183455357346766097045782073778284616989558715664636011247142659355084241336048351359
6227024953682592358098803227338193947122934176885497066757343410065173547900564044660843238504928713022402437221608319436632458472338507
6301981251035232802312518364319915456446492624278955281034939032980585562853759734069211557702529869732692516343517831398879801674563963
6481175394476309786318101666651522906595251854640990355169650345029317465262267957186591931129963599556217197251040867104143922234043459
7088752102072749744021777122561005300283966791917016979568497563352367841522384659201984350213288656955476149286389240777091624324736359
7120024020107678383861741988000876347196514481036513195750003801554406211066682333831855995042002414588235546310311812413204191665284913
9565870387072003985313029535760100810665740648778477349747095518082598135296706264879561231369236335848373080312450369474177893902378071
10414092511956510332399469084352108320796574293917525954320366658563434504327116876647656822295362726559204962410619524368267894558088041
10551598436775628091003784067852335521984449065394543023754671496620691655794547966648913458640878498508326658580402621796552767611267413
10814185098102590437241487267763578586313460335056548541038308137371434369217735847473569133192390953899756470832997732598605828501252303
11156234863434017128003069466307853875914200812881270229776937035519710584680646842549807352694615264711372252415898538432177404495255043
11672973747977997614368099402386272739622376773483615339152630488077336981347734557541763748438506308752692105182164433625362297092150121
14943249334267860874594041292022106605782396419796597605777450269891676401376267678938233321028340182940918479945443460284459554948944293
15930800950234013685165123609777089094166096209472774573849473321208595409675565089341435401254956457457177633822154807306653217508019039
19362785632614005132437042066433177911890035186156558754496359752255418593831601093457836477054427781000002563966291590180562133946941123
27963506293706046773099516103481461804769845077595208300835852206099734773308748658790682426947112836174728074536952670376401502872065731
29703031921437824794319084919997023394470349471771972364175364276615758786758796558654314284449926219146705579068316481710892366435034787
36054040325602366370385702306982131519559922970416822469964185975744148219025482362131268106850903061878227697827936463801311461518221997
39470361091083831855571337982239972908503931816617635467579954340671106747033338428586929147232244124844018981272263685673924643849688791
41067025331557593039685946258184638617081895964748947549948342422548465704879562815723974311767033261789463016603893357600121618139639689
48539117533952942207531499519980473430800956898968433330528892947924540399988676182551720918478992553956014097567420234206192253175737729
61925796987678584196988060407063794450609931351389548051777889597658028926678181812195895041457634486827404850531858267280230497801366337
65516905843235358471670957679120080738503655120529765554133550609659900741215772436025131853224098316463795948841304133024891847734379059
178293311396709784146375571926541303395181126271305717984101181932210198147855124461875885832641997009850851755001408261953429391565272323
255747218681356517424501209082369466135739093236403081546866879088434135489161513550755589383268390157850764169447591924094861146459700903
445916997799104342871338956933241432009760511880670163420239335677442437563507468369782556752742327717712803211898787098981656448895717147
2073093902615456562139928277307262648948774973949720294202886071145238475136735260999150085764409828174080062723401430788035588829097436707
3652522382802940283964437927891251817282552167553465910169331515954905153458622344710954192229644671628140251678596109408581855283687062673
3767216867241687576588465131971801760927273019632658562355695079834047921445033085530411937044036089839207037520036064204139911662073374641
12911468330953894585426661059415068266715668201239156723397849851452805064750052197608263282944475472526547747814377784781089374152664427509
25414631083772397484307738648552639514998206288805741780509538996877583537747559033307153934499378359391436793324652729329177707185294682799
125757335317962817260061131049996470325750295060813550225332595932565390151780144880166614067561177862355731776872712399929251714362585513263
218339972950649039769474935216939476018368724038472327538335257315667905831855056829203413435173056752157252191935742853111218932614282562943
975268488343760427059506802636181513800796439760284000436995069407958989033998966281407460467047938394709609831941466164899340583451565683091
1356090527328868389796784576938636644430965625056593569690361293291045297667280842883355503664796338499819104327566178809416253727707545428787
1379327735101812569165625168713195832162797638509099783314887257811286832963337597457503807257296646386540661756897759541644355236284529187813
1768767213023233985178099787839132327952410573090356264125240926782826685531960154840742525124865999614371039487647965777262383764041492557497
7689430420398154997188134299383391978013309613641921772590649918259892464948359186752488147928704250249528035153168147331736422917885913733813
23747593753887718010948925742602348234684726415856564234334347360229487347326780031334130020348549355643993396419519096937834638492325161060383
30766081309238342232263017343439552167580180932882603753905309155595084401789958651286957101922674749892358914204106583286748765156415566546479
43282547439699868017525643941347849679258757183461164100904809601448991476875413028913072080642596265341013834796763453972361166357411833778107
92128474700935795412897780115884761523417425740984033067897674401831345586665184799042415763301383973633229511785167554966035192203589208143839
109716004514313429839029245141047993274440930212132567962294953449582952907733985563483735450118904021362431684205858528896877087773853125827049
227431505560104584195333405687675329817978350060816382711611246294552248168092413069135239886184206895165314453113025595924719519347015770094109
275870529966608733108486327138549944189566960331766075284595583311422256693302361350961456860843218667705782421879389460170832032779504394299511
568586602133876309308082348519365117922308000255566425553984916923530608513361432317107030716319399106544759031639039856378128098966110032439361
662130938670528588775405620849477914307877867580026769267211802169036539817100234251016996421231505152386870545741547676261808547012746205337817
677777499631846768750302522341693424572217268008361624299164986698590994766653890561009460705096030545825706634547631245144136679117188935360959
1454366281818134331858637142200654280141465761948185471149612207791109507260872845606822280287170571784400614358717178857229694929051034323936837
1672746361533189852187059400250345539034047896460774887892602226695982996807474150628512852124277453194127775923935390185920075650067632440991833
7456958080406655005663927810239325107889793165867304674539857671813538882326793177395679996638166204666145888220185424886776449003124159650851951
17504438035239447548549194937026769539061040349650970908213845467047565920612911313521794304573789225142938004435758438072677642700492954307328409
19147573726348262532751167709242956280511644831786140008231217032277146236879316035596093582058702932601459992545689504988713138227759911584260287
45348331809113230096486226029165550802322320049638417288855169779279946318448786637263241667825310199187914024050309567016443404953530133948413257
68655649416946766864238870104359120802908697313821357385262733894865196092567436404283045164673914209206417726455134475535760165984394775439955029
192021367087171120209865462156825975160978367143990956986149039512329485653351834578652081895738129223480457542392499443078631284255391601618751411
271338643289227299770028944105832609668057208502135814273849210083917709434935794225237412196347129180469732888331103859262188090209408319104748667
353336511949192986997913029939084150804262020789437305667473541142516680979161619427193923085055620336287265265512251315490576674044483674013223329
395643871895856129105855992020334163670761669753677067721320972995728518467716233925600337885496267521810034982752581428438708866925541740827981871
733110621321336115145786145150179582020067550943017937450267824797810314540142192800312489192202279737490826447608235957892347504856799952229662841
986233367566708013425839027604376720155572668534763159418322881749224217232087602735998505041543376105924107961668685170564903364998552868097193153
5331938757341700385956431122562714363742752206049652000385075100007711745372921498968772263813475876430791377350126823144533131959620708455317946631
8705520937632912123910258315815218416225299395346683116537216627709099546991580139689907488876494743092862875172839338241756428808097230745827281349
9029841814505662906777117654990426715730442482021108301958120964581888404839787487154855543144459631784448355482233472797894188735617783628959825781
23453400308978410497656234373704361918291620515191201190268190419525822066963078822972736570258103116148844355926052343464057437244476788055602582721
26088534491323091727092533599855796734367572381268275358745185523280493484257959037242401869610401614737195352012969293751179933981559621055675013591
244465168986790957806561383928430993551675580073403719407685895540995840063101540322006358872485001320759273859777825346836509356420966728973977894617
343217039947286987890833593329465767184788261630123525440258812016411029640659855408320180406810055669814324004405879479097544658641439241121995231453
485554635415637985231538134052519438586804450142805091826220273930921556439154438479956907239469739200644505152996347852858073308637009532112700049341
545477911408276272099822033483982415604020542503968055830724025175952902549469611380120215800805104615644806756924545558671663636965579093386058821837
878215658443310891189026585420378650519126377632648256268404014134506144227546629293558446861384860126733530394492570855753201351199546979305424541141
3340660304421184817489694879605108782114705056245666873875425643726489506384351144651485613470129893873313619830456875939469082524839259227372143046601
4851054196833341295648331706439423557801070241382174637474796490737094375321001789756643933212965251947384949168279137549736508457922532493323097521371
5765532021423209107727971889963167993651050195823941628485425804172673844447113727002260146757538769706459205826786677914948696903497263802168088110207
5788350733622228889062982615029410302416681917706633858755828307210939646315846659184353255420786022080471455009094685614445197258318170467567636441559
7419427723955011509754563200770071562059887456220040048627764092200850436454421822382526686014920981332947685988221166855446499635755779889677435574609
9056512660215965312794586262154545655795568968490704200480278991926484180841703813963344798527399822350206718744083403114693002505292953997965329796873
57214848986518653547121402133987844807493128232410677315457437431951738880076575609910884909936508211740555196864103878021971304967917411311820811189973
61926812940578419616292107941614693173458120700958274902108738931626063959532498696189542860525244818799856641219065958757037660958643703565596281022649
77266595346223068215400977935936118431332140331657868245673865200775135954764424161425221822114198782948663809242208212376092673856608831487999093452719
380701123197252838880568643021692238777839743596111744853383388043785056041697766646167600038167593144628636839833173936237972166926504122083844939484301
509150568899692267434175510158514194126063419181759483539771429419622801889378322224690691021610301411764894397856953586253706840464636985137809284622201
692583289725548531125393327510311418030065951892347284635814186898374822871997134169328064223518303441599863775294169482034300645900559007306478253969187
751927353797609918799342863581381131286183636794463417034008217274304682661622317903747010668701201184808549428173835430171655635992652035192884076186793
1667373248123064258588209084118250205294003577938641132505412775945429857665081033533578646040100734050126811992196522515743321855871935967983991995997999
1739213854713830650050302624977016408697651290800999281934270665210913156787736034456605739399115137649155757003861791991263235387940067089079388743943347
1879487055571393764566716414350759075060441528019214127235489355825630733232916809260135784339092087112935549454097989855593961726949671476762691868445827
4623299590511683348255817025904192996717981639148082484938987256712745600532580713960121095343767240105518425370223058315422531820358652189032821227337687
6726400214268282069806847289220962822794997501646726449312655743244063105754626119561332678820490498574274536600786748836589760043686687677846284058015303
7910342044748614399194714261422842896314287867806545301626798092491744362877599220964694352954442980696194093984338341943650212825636887608069164265129683
9318689642058268747567125509864397533946587571751681909548980586862193749262213400266025903443177375321671056147294242848187073091322146098407331613132841
10169242305462764752524352282994176180322438021478604217393257612454727730699620279667612036096079797039070618895936619836484004670109757944541142514864391
11053917591209969042794055100992301912873648945029393949689717937222173316028264631178027840934655356925394989711434543950695321852121868917708670679516887
11643901383092605007982062319161447613965733676956588696394508032455087594489834045077549679675817396168613285935025039076795953027113991288643365558270477
15571609813050676406978093549561750241970258584844860092856071717930040984681343877147403396243337161883346381878902245364487793535101512168968933652241611
36485609509064782718017329887643118555904704891880082866562759983344020249185093987942913452030828099074591499044113535606644189027173777903362531788640859
50455243926379467828858156732664608065402224596679890419166725655006356985495088677231786346025588256547139408427183673861028949579822415398944427196522819
102070772424095454289901531933170303718551852343038101261643579378077720036322369455542167674312437681721994449387995986403494787405460474121543229200494011
149955653634464209991182392794439331027390596496264464445272853955294939301673948942580871659907674503315209135459196878987530303619026462909067088406217539
245794001064765080358298603434069584442967758339648884825191679847477340487051002220856424218209664197906419202114521969702526867871016458392820086436512467
341025606361735145472200547195475280374902778390106503919243464305968798817518866733107375600282501697236739869882402300411349721512419102749638205499276411
592268159587707158080529256957771709051983210474555059272880260974990738254239489569782460671806996350086301602485051811710317706729705560791705937794533459
962125932411795388471126173775945365883669775921460015140133648404305154569380573288056329651098126662409256915744574827331806298111999999999999999999999999
1064336036114722926202899891177376538424890023645466733496556866315224464072104978915031009578298574590665200956861898926752914264848430726312643220085682973
1196489941589027598483323575080342313983538054671559249597345690964328205041409174473608512514827157516073050267015689208348528345087999999999999999999999999
1272401155485739662641957765183981742651500107276261307819639491551967818482211322422123091467576720695413538067433801239655737891820095032397408207343412527
1352553847013683372198539693569082615807477800933066977805695128916197101351158197231035709799369830235560839432278605192046162477056000000000000000000000001
1458222116311627385651550607129167195167437004130962835446765060862774999894217431389710374627445598222714030012925371222674768920575999999999999999999999999
1622087034905930032843163504471336559897145550628556835024589460233518774619897001635361876026812656498300376872061538389841629031595812080536912751677852349
5184789746885786260094402158681483360595331570243423414921831327512088888512773089385636887564251015902983217823734653236176956162048000000000000000000000001
5193256154689673433339809151078844282609820047184214022721591667789729838810590448788329875177242081825598420138125956379089062085029600314231069964135075309
15810147199623637784102900064087014872975003372026236012126631488004533893479158564153702589659350973245175228250379187619280899211759733736762481089258698941
19743857055845351608955493543719481197870133886174501086302395972276333562763430579328702344042508731636068276584502201437785518596983801338480650806160751259
43357234340631912555890216852187578284345249382622749238757371546720708686820951098232918235957810659976802524480814392672095154131478373303269447576099210823
58592642543940073187084256121473554052980431778881069191873040041960614000259283966318176725112100151440404411016031394814047781270371925650557620817843866171
196373911663299154601075481760061182282548183222969661840164361529520366652421280760480997116496007227325489375073949991320202214637567999999999999999999999999
392747823326598309202150963520122364565096366445939323680328723059040733304842561520961994232992014454650978750147899982640404429275135999999999999999999999999
428452170901743610038710142021951670434650581577388353105813152428044436332555521659231266435991288495982885909252254526516804831936512000000000000000000000001
942594775983835942085162312448293674956231279470254376832788935341697759931622147650308786159180834691162349000354959958336970630260326399999999999999999999999
1521720533596536473338770265160006353871593008607417748667775182430025456895926715001328289163353235285177810685454032810714724624908184021758839528558476881233
2356486939959589855212905781120734187390578198675635942081972338354244399829055369125771965397952086727905872500887399895842426575650815999999999999999999999999
2724619137315297531378065056562420444915579657215234821714983919743541700831349332310060008635985761642368249215244926352910420250237987442469597754911131898971
16810220194340825679081166617860759377168843697359518728577967331013200926568701889686206259358943896223649021554454607574755072893422151007299270072992700729927
41802029195804898301168067769446067324145908915637368016062813654283987614358895243622389647059323973260243303494002572065378697515892736000000000000000000000001
160241111917252110154477593116209924742559317509943244061574119008088619188375765100552493647060741897497599330060343192917285007144255487999999999999999999999999
1456308928895026530521575772732613727807377326781543012206658905102923039094356218119727074615934389597845829205548413135630619623752204287999999999999999999999999
1980580143297236081509343050916354669818033164422898496601056110939975333168324456642828821477670769853070327719545841864457642688302997831679999999999999999999999
2750805754579494557651865348494937041413934950587359023057022376305521296067117300892817807607876069240375455166035891478413392622643052543999999999999999999999999
3961160286594472163018686101832709339636066328845796993202112221879950666336648913285657642955341539706140655439091683728915285376605995663359999999999999999999999
8240509633114085416731458463011193581620637740247677305445543562161117050898057754125953711318912111790332111195191811256480058655122951005729810249562276974846288338380704607
214891106032774483273775302824602797103941013742811498385602233687690205824182576983993350189625174242745684075024214976118769842616778541213992913878547737735344231578373705068155740340780658699844142871158284447
3728264499569554508906807405222493123813688586202907442150756408482385363498879674331086298046112155278466597266508860590053985011600134608775598589935022461398837919371190622582826060348877099297620058858587638523
942833285432942372337934405215162076237463658841526097920514241898675791038278845431223403306595513353213176845036287202805734234438685744930036228475510689606735666219074985068291267679193142150083091542913705202890283787
2319204710828161936888014744436663424832591884899157939084847083100877098122482582857259445152694542202673620089216374241548946004860536482613598098293126338022286471051669638573715770046643918231205340670612341302670107219
5668708667014343937531782088868531179546188453197584555033176851083165062416985229137509967458029457008442724926428964641083046615500136900521231051639592840545034300391445234762784549096362403585531001778980928966655385158192313805453
96760749756934214268705577875496811014769240242040917488294441871327624042754243828526197652671187932961658486243770874764437412219800163962350557112578708084527322734517627167386700913068804834441042564913292543635215371962809616018094349
13462012475717524605876073858941615558355851148193967190051391468057460367090535696797920946629681836680869097041958983702264048370902871114013579941370766400374327741701139895604871545254810788060989321379840000000000000000000000000000000001
